10
86
69848 52386 87310 17462 34924 17462 52386 17462 17462 34924 87310 69848 52386 17462 87310 17462 52386 52386 52386 52386 34924 87310 17462 17462 69848 87310 17462 69848 17462 34924 34924 17462 52386 17462 87310 87310 52386 17462 69848 17462 87310 52386 17462 87310 34924 87310 52386 52386 87310 52386 17462 34924 17462 17462 34924 17462 52386 17462 87310 87310 34924 52386 87310 52386 87310 87310 34924 34924 52386 17462 52386 52386 87310 17462 52386 69848 87310 34924 87310 34924 69848 87310 17462 52386 52386 87310
57
71044 91888 66930 5192 26890 27961 89117 23080 55759 3585 13612 84487 1602 59893 19039 29168 73928 4395 21170 41654 12289 63556 50043 50616 33544 39660 96393 35933 65937 23382 1444 29271 40299 53345 86577 72257 45086 43159 74829 25635 87659 50731 83279 33546 37745 53304 92072 50194 61443 36934 10211 85662 24916 84646 70631 61851 6221
77
93591 93591 93591 93591 93591 93591 93591 93591 93591 93591 93591 93591 93591 93591 93591 93591 93591 93591 93591 93591 93591 93591 93591 93591 93591 93591 93591 93591 93591 93591 93591 93591 93591 93591 93591 93591 93591 93591 93591 93591 93591 93591 93591 93591 93591 93591 93591 93591 93591 93591 93591 93591 93591 93591 93591 93591 93591 93591 93591 93591 93591 93591 93591 93591 93591 93591 93591 93591 93591 93591 93591 93591 93591 93591 93591 93591 93591
23
1218 21724 95876 21568 23611 82983 59448 16677 33648 30452 52743 39117 31323 54850 13738 68635 64418 35723 2211 62414 9778 12321 99197
76
37541 91171 58993 21452 58993 85808 96534 69719 53630 69719 42904 85808 91171 80445 48267 80445 53630 32178 80445 91171 85808 75082 69719 53630 10726 80445 85808 37541 75082 96534 58993 48267 85808 64356 58993 58993 42904 37541 64356 91171 10726 58993 91171 75082 10726 64356 80445 58993 53630 53630 69719 26815 48267 21452 26815 42904 21452 42904 48267 16089 10726 64356 64356 53630 58993 69719 10726 5363 75082 32178 32178 42904 91171 69719 69719 5363
73
95543 68245 81894 27298 40947 13649 68245 13649 54596 54596 13649 68245 40947 81894 54596 40947 13649 95543 81894 81894 27298 40947 13649 68245 95543 81894 54596 40947 95543 68245 54596 68245 27298 13649 27298 81894 95543 54596 13649 13649 27298 40947 54596 68245 40947 40947 81894 68245 81894 81894 54596 95543 68245 95543 13649 54596 68245 13649 27298 40947 13649 40947 95543 81894 40947 13649 68245 27298 95543 40947 95543 95543 13649
62
94100 47050 23525 70575 94100 47050 23525 23525 47050 23525 47050 94100 94100 47050 23525 23525 23525 70575 94100 70575 94100 70575 47050 94100 47050 70575 23525 23525 70575 70575 23525 94100 23525 70575 94100 23525 47050 94100 47050 94100 94100 70575 94100 47050 94100 47050 47050 23525 23525 94100 70575 47050 94100 70575 23525 47050 70575 23525 70575 70575 94100 23525
60
11828 41194 54185 56186 22694 69700 2265 34465 73731 24449 82183 48385 5165 35720 72660 18820 97746 47388 99817 67761 44649 84662 17403 59465 25713 25517 61960 39173 759 24911 46935 54267 9646 63783 19129 79352 79894 67639 6028 16197 23767 62941 52051 18149 15077 43375 69089 5618 4091 39200 58093 97604 4578 81851 13149 42444 54569 14916 11421 88402
2
64893 88968
54
74250 37125 74250 37125 37125 37125 37125 37125 74250 74250 74250 74250 74250 74250 74250 74250 37125 37125 74250 37125 37125 37125 74250 37125 74250 74250 74250 37125 74250 74250 74250 37125 37125 37125 37125 74250 37125 74250 74250 74250 37125 74250 74250 74250 37125 37125 37125 37125 37125 37125 74250 74250 74250 74250